65
0.00000000000000e+00
6.28318530717959e+00
33
0.00000000000000e+00
3.14159265358979e+00
0.00000000000000e+00
3.88048288873062e-02
7.72359460404221e-02
1.14923238774492e-01
1.51503757842448e-01
1.86625212835521e-01
2.19949364933120e-01
2.51155284328027e-01
2.79942440956083e-01
3.06033598764945e-01
3.29177485648542e-01
3.49151213334318e-01
3.65762423918465e-01
3.78851142376905e-01
3.88291317211359e-01
3.93992034393319e-01
3.95898392915025e-01
3.93992033515460e-01
3.88291315489495e-01
3.78851139877425e-01
3.65762420737708e-01
3.49151209594829e-01
3.29177481494314e-01
3.06033594355839e-01
2.79942436461658e-01
2.51155279921000e-01
2.19949360782732e-01
1.86625209101051e-01
1.51503754667124e-01
1.14923236280030e-01
7.72359443223990e-02
3.88048280115257e-02
-2.22246053281337e-16
