65
0.00000000000000e+00
6.28318530717959e+00
33
0.00000000000000e+00
3.14159265358979e+00
0.00000000000000e+00
9.55005986341986e-02
1.90081474284305e-01
2.82831761402012e-01
3.72858224008592e-01
4.59293858046223e-01
5.41306241101468e-01
6.18105549088480e-01
6.88952162686875e-01
7.53163790280116e-01
8.10122038796616e-01
8.59278369172791e-01
9.00159379083706e-01
9.32371362065777e-01
9.55604099124699e-01
9.69633846313389e-01
9.74325489507970e-01
9.69633845630144e-01
9.55604097784513e-01
9.32371360120238e-01
9.00159376607692e-01
8.59278366261574e-01
8.10122035562186e-01
7.53163786846855e-01
6.88952159186768e-01
6.18105545656034e-01
5.41306237868544e-01
4.59293855136974e-01
3.72858221534707e-01
2.82831759458440e-01
1.90081472945625e-01
9.55005979517689e-02
-1.03290540647828e-16
