65
0.00000000000000e+00
6.28318530717959e+00
33
0.00000000000000e+00
3.14159265358979e+00
0.00000000000000e+00
-1.63575731678049e-02
-3.25576139813081e-02
-4.84441072079276e-02
-6.38640572478716e-02
-7.86689615646183e-02
-9.27162408449101e-02
-1.05870612115080e-01
-1.18005391589868e-01
-1.29003714706591e-01
-1.38759661595052e-01
-1.47179277144283e-01
-1.54181475842264e-01
-1.59698822674492e-01
-1.63678182560840e-01
-1.66081232076231e-01
-1.66884828526930e-01
-1.66081232827980e-01
-1.63678184035330e-01
-1.59698824814842e-01
-1.54181478565934e-01
-1.47179280346295e-01
-1.38759665152069e-01
-1.29003718481700e-01
-1.18005395437876e-01
-1.05870615888111e-01
-9.27162443980866e-02
-7.86689647616125e-02
-6.38640599661104e-02
-4.84441093432594e-02
-3.25576154519586e-02
-1.63575739174759e-02
-1.85720352454989e-16
