65
0.00000000000000e+00
6.28318530717959e+00
33
0.00000000000000e+00
3.14159265358979e+00
0.00000000000000e+00
-9.33373673173248e-02
-1.85775844772001e-01
-2.76425199301613e-01
-3.64412428074526e-01
-4.48890165983977e-01
-5.29044846236958e-01
-6.04104535446992e-01
-6.73346367774585e-01
-7.36103506520511e-01
-7.91771566127990e-01
-8.39814432746315e-01
-8.79769427300732e-01
-9.11251761345313e-01
-9.33958242786520e-01
-9.47670195789257e-01
-9.52255566745097e-01
-9.47670196021024e-01
-9.33958243241037e-01
-9.11251762004911e-01
-8.79769428139796e-01
-8.39814433732314e-01
-7.91771567222766e-01
-7.36103507681791e-01
-6.73346368957630e-01
-6.04104536606340e-01
-5.29044847328166e-01
-4.48890166965313e-01
-3.64412428908544e-01
-2.76425199956548e-01
-1.85775845222950e-01
-9.33373675471606e-02
4.17171231851567e-17
