65
0.00000000000000e+00
6.28318530717959e+00
33
0.00000000000000e+00
3.14159265358979e+00
0.00000000000000e+00
9.57324447066942e-02
1.90542933617923e-01
2.83518389877610e-01
3.73763408999348e-01
4.60408882101970e-01
5.42620365903877e-01
6.19606118868470e-01
6.90624726108185e-01
7.54992239615124e-01
8.12088765053974e-01
8.61364431682826e-01
9.02344687908325e-01
9.34634871476113e-01
9.57924010283204e-01
9.71987817208421e-01
9.76690850119134e-01
9.71987816252270e-01
9.57924008407765e-01
9.34634868753678e-01
9.02344684443801e-01
8.61364427609663e-01
8.12088760528985e-01
7.54992234812422e-01
6.90624721212452e-01
6.19606114067847e-01
5.42620361382729e-01
4.60408878033825e-01
3.73763405540257e-01
2.83518387160194e-01
1.90542931746326e-01
9.57324437526226e-02
-8.35041593750423e-17
