65
0.00000000000000e+00
6.28318530717959e+00
33
0.00000000000000e+00
3.14159265358979e+00
0.00000000000000e+00
4.71976528425960e-02
9.39407664749114e-02
1.39779179148383e-01
1.84271441880496e-01
2.26989069850337e-01
2.67520668942078e-01
3.05475897695503e-01
3.40489226507802e-01
3.72223457883465e-01
4.00372973830356e-01
4.24666679127765e-01
4.44870612121197e-01
4.60790197900536e-01
4.72272122162276e-01
4.79205807709546e-01
4.81524479370446e-01
4.79205807078986e-01
4.72272120925434e-01
4.60790196105028e-01
4.44870609836137e-01
4.24666676441087e-01
4.00372970845420e-01
3.72223454715066e-01
3.40489223277745e-01
3.05475894527918e-01
2.67520665958647e-01
2.26989067165626e-01
1.84271439597566e-01
1.39779177354844e-01
9.39407652395748e-02
4.71976522128504e-02
-2.21011887403597e-16
