65
0.00000000000000e+00
6.28318530717959e+00
33
0.00000000000000e+00
3.14159265358979e+00
0.00000000000000e+00
-9.42039592581806e-02
-1.87500682895246e-01
-2.78991672464796e-01
-3.67795819726111e-01
-4.53057892197975e-01
-5.33956769514833e-01
-6.09713351264707e-01
-6.79598060152047e-01
-7.42937868225978e-01
-7.99122778507505e-01
-8.47611699594063e-01
-8.87937656665730e-01
-9.19712288708260e-01
-9.42629588642193e-01
-9.56468850338537e-01
-9.61096794139631e-01
-9.56468850415250e-01
-9.42629588792588e-01
-9.19712288926406e-01
-8.87937656943046e-01
-8.47611699919677e-01
-7.99122778868705e-01
-7.42937868608731e-01
-6.79598060541564e-01
-6.09713351646018e-01
-5.33956769873368e-01
-4.53057892520106e-01
-3.67795819999658e-01
-2.78991672679460e-01
-1.87500683042976e-01
-9.42039593334509e-02
1.22082177549818e-16
