65
0.00000000000000e+00
6.28318530717959e+00
33
0.00000000000000e+00
3.14159265358979e+00
0.00000000000000e+00
7.54879749374773e-02
1.50248959397390e-01
2.23562964218550e-01
2.94723935445976e-01
3.63046554017000e-01
4.27872835758910e-01
4.88578468136534e-01
5.44578822723396e-01
5.95334585493060e-01
6.40356950707884e-01
6.79212328385204e-01
7.11526520005498e-01
7.36988322248220e-01
7.55352524049363e-01
7.66442268117511e-01
7.70150754165703e-01
7.66442267456095e-01
7.55352522751996e-01
7.36988320364845e-01
7.11526517608604e-01
6.79212325567023e-01
6.40356947576830e-01
5.95334582169542e-01
5.44578819335182e-01
4.88578464813831e-01
4.27872832629362e-01
3.63046551200787e-01
2.94723933051211e-01
2.23562962337142e-01
1.50248958101529e-01
7.54879742768767e-02
-1.95214836488592e-16
