65
0.00000000000000e+00
6.28318530717959e+00
33
0.00000000000000e+00
3.14159265358979e+00
0.00000000000000e+00
-8.91655034936218e-02
-1.77472294447582e-01
-2.64069930193264e-01
-3.48124428160766e-01
-4.28826297586854e-01
-5.05398335353446e-01
-5.77103110878465e-01
-6.43250067975457e-01
-7.03202175287203e-01
-7.56382061245990e-01
-8.02277574477527e-01
-8.40446716098763e-01
-8.70521896408881e-01
-8.92213474979183e-01
-9.05312550048873e-01
-9.09692970363301e-01
-9.05312550079586e-01
-8.92213475039375e-01
-8.70521896496137e-01
-8.40446716209599e-01
-8.02277574607540e-01
-7.56382061390053e-01
-7.03202175439679e-01
-6.43250068130431e-01
-5.77103111029982e-01
-5.05398335495740e-01
-4.28826297714556e-01
-3.48124428269100e-01
-2.64069930278208e-01
-1.77472294506005e-01
-8.91655035233775e-02
1.55968646105829e-16
