65
0.00000000000000e+00
6.28318530717959e+00
33
0.00000000000000e+00
3.14159265358979e+00
0.00000000000000e+00
-7.03426680324409e-03
-1.40007897830652e-02
-2.08324775254987e-02
-2.74635371524730e-02
-3.38301079427058e-02
-3.98708763449735e-02
-4.55276664608625e-02
-5.07460003103456e-02
-5.54756224845218e-02
-5.96709841328234e-02
-6.32916816236152e-02
-6.63028456536211e-02
-6.86754770588168e-02
-7.03867260927133e-02
-7.14201124823978e-02
-7.17656841430392e-02
-7.14201130223255e-02
-7.03867271517732e-02
-6.86754785962241e-02
-6.63028476101820e-02
-6.32916839240190e-02
-5.96709866885549e-02
-5.54756251972800e-02
-5.07460030758345e-02
-4.55276691728059e-02
-3.98708788991994e-02
-3.38301102411425e-02
-2.74635391069047e-02
-2.08324790609389e-02
-1.40007908406197e-02
-7.03426734235717e-03
-1.96792204124023e-16
