65
0.00000000000000e+00
6.28318530717959e+00
33
0.00000000000000e+00
3.14159265358979e+00
0.00000000000000e+00
8.08993030149060e-02
1.61019501497774e-01
2.39588994120184e-01
3.15851113700937e-01
3.89071414325521e-01
4.58544744462445e-01
5.23602037958438e-01
5.83616757511467e-01
6.38010928567426e-01
6.86260705530757e-01
7.27901416683402e-01
7.62532039226783e-01
7.89819061349764e-01
8.09499694128832e-01
8.21384402328194e-01
8.25358729726861e-01
8.21384401393879e-01
8.09499692296226e-01
7.89819058689511e-01
7.62532035841401e-01
7.27901412703300e-01
6.86260701109173e-01
6.38010923874497e-01
5.83616752727658e-01
5.23602033267587e-01
4.58544740044701e-01
3.89071410350437e-01
3.15851110320988e-01
2.39588991464949e-01
1.61019499669008e-01
8.08993020826695e-02
-1.83861327060218e-16
