65
0.00000000000000e+00
6.28318530717959e+00
33
0.00000000000000e+00
3.14159265358979e+00
-0.00000000000000e+00
-9.21297577082487e-02
-1.83372255487563e-01
-2.72848778207077e-01
-3.59697618040984e-01
-4.43082373185905e-01
-5.22200002867433e-01
-5.96288561061757e-01
-6.64634534452385e-01
-7.26579713953451e-01
-7.81527533623059e-01
-8.28948815919468e-01
-8.68386867970167e-01
-8.99461879773950e-01
-9.21874581978932e-01
-9.35409128010063e-01
-9.39935172789696e-01
-9.35409128031979e-01
-9.21874582021901e-01
-8.99461879836282e-01
-8.68386868049413e-01
-8.28948816012529e-01
-7.81527533726305e-01
-7.26579714062876e-01
-6.64634534563762e-01
-5.96288561170806e-01
-5.22200002969986e-01
-4.43082373278058e-01
-3.59697618119249e-01
-2.72848778268501e-01
-1.83372255529839e-01
-9.21297577297896e-02
1.39698096345099e-16
