65
0.00000000000000e+00
6.28318530717959e+00
33
0.00000000000000e+00
3.14159265358979e+00
-0.00000000000000e+00
-4.68606079310852e-02
-9.32699225911801e-02
-1.38780996910196e-01
-1.82955534363556e-01
-2.25368110007327e-01
-2.65610267552987e-01
-3.03294453024769e-01
-3.38057747116310e-01
-3.69565360301958e-01
-3.97513857042922e-01
-4.21634078037384e-01
-4.41693732371714e-01
-4.57499634608949e-01
-4.68899565270160e-01
-4.75783736791243e-01
-4.78085850837179e-01
-4.75783736791243e-01
-4.68899565270160e-01
-4.57499634608949e-01
-4.41693732371714e-01
-4.21634078037384e-01
-3.97513857042922e-01
-3.69565360301958e-01
-3.38057747116309e-01
-3.03294453024769e-01
-2.65610267552986e-01
-2.25368110007327e-01
-1.82955534363556e-01
-1.38780996910195e-01
-9.32699225911796e-02
-4.68606079310849e-02
2.21011887403598e-16
