65
0.00000000000000e+00
6.28318530717959e+00
33
0.00000000000000e+00
3.14159265358979e+00
0.00000000000000e+00
8.55317113562367e-02
1.70239705562591e-01
2.53308198316293e-01
3.33937194611101e-01
4.11350193127090e-01
4.84801664363283e-01
5.53584230494601e-01
6.17035477807179e-01
6.74544336104549e-01
7.25556963647531e-01
7.69582080952671e-01
8.06195702081834e-01
8.35045217858084e-01
8.55852791684282e-01
8.68418035260852e-01
8.72619938434114e-01
8.68418034589718e-01
8.55852790367851e-01
8.35045215947032e-01
8.06195699649714e-01
7.69582078093069e-01
7.25556960470451e-01
6.74544332732171e-01
6.17035474369149e-01
5.53584227123038e-01
4.84801661187709e-01
4.11350190269456e-01
3.33937192181110e-01
2.53308196407208e-01
1.70239704247666e-01
8.55317106859173e-02
-1.70737132543423e-16
