65
0.00000000000000e+00
6.28318530717959e+00
33
0.00000000000000e+00
3.14159265358979e+00
0.00000000000000e+00
-1.81916951685294e-03
-3.62081943679936e-03
-5.38759888622817e-03
-7.10249281322146e-03
-8.74898585180592e-03
-1.03112213739553e-02
-1.17741541975866e-02
-1.31236954798876e-02
-1.43468484005757e-02
-1.54318333283811e-02
-1.63682012653360e-02
-1.71469344763367e-02
-1.77605333348624e-02
-1.82030885484783e-02
-1.84703380685519e-02
-1.85597081361115e-02
-1.84703380685518e-02
-1.82030885484782e-02
-1.77605333348622e-02
-1.71469344763365e-02
-1.63682012653357e-02
-1.54318333283808e-02
-1.43468484005754e-02
-1.31236954798873e-02
-1.17741541975862e-02
-1.03112213739550e-02
-8.74898585180556e-03
-7.10249281322111e-03
-5.38759888622783e-03
-3.62081943679906e-03
-1.81916951685267e-03
2.05968839289779e-16
