65
0.00000000000000e+00
6.28318530717959e+00
33
0.00000000000000e+00
3.14159265358979e+00
0.00000000000000e+00
3.52239985998335e-02
7.01087708377544e-02
1.04318357287155e-01
1.37523300929665e-01
1.69403820006340e-01
1.99652887690805e-01
2.27979188925438e-01
2.54109925944617e-01
2.77793445466333e-01
2.98801662250865e-01
3.16932255686316e-01
3.32010618246715e-01
3.43891537057931e-01
3.52460592377043e-01
3.57635259517006e-01
3.59365703604500e-01
3.57635259517006e-01
3.52460592377043e-01
3.43891537057931e-01
3.32010618246715e-01
3.16932255686317e-01
2.98801662250865e-01
2.77793445466333e-01
2.54109925944617e-01
2.27979188925438e-01
1.99652887690805e-01
1.69403820006340e-01
1.37523300929666e-01
1.04318357287155e-01
7.01087708377545e-02
3.52239985998337e-02
1.58334736628530e-16
