65
0.00000000000000e+00
6.28318530717959e+00
33
0.00000000000000e+00
3.14159265358979e+00
0.00000000000000e+00
3.00386174424350e-02
5.97879465659135e-02
8.89614850567651e-02
1.17278275781098e-01
1.44465612556109e-01
1.70261666460110e-01
1.94418007388470e-01
2.16701996571469e-01
2.36899027012824e-01
2.54814590272234e-01
2.70276149687717e-01
2.83134801997602e-01
2.93266711359876e-01
3.00574301958534e-01
3.04987197711504e-01
3.06462900030285e-01
3.04987197104134e-01
3.00574300767182e-01
2.93266709630410e-01
2.83134799796597e-01
2.70276147099878e-01
2.54814587397121e-01
2.36899023961012e-01
2.16701993460284e-01
1.94418004337473e-01
1.70261663586503e-01
1.44465609970237e-01
1.17278273582223e-01
8.89614833292671e-02
5.97879453760673e-02
3.00386168358801e-02
-2.21339868173923e-16
