65
0.00000000000000e+00
6.28318530717959e+00
33
0.00000000000000e+00
3.14159265358979e+00
0.00000000000000e+00
-5.88765981370070e-02
-1.17186182457421e-01
-1.74367199797174e-01
-2.29868965708217e-01
-2.83156967850386e-01
-3.33718013637133e-01
-3.81065172560465e-01
-4.24742465597837e-01
-4.64329256539432e-01
-4.99444302944956e-01
-5.29749427716991e-01
-5.54952775931637e-01
-5.74811625561360e-01
-5.89134725021205e-01
-5.97784135026521e-01
-6.00676557024055e-01
-5.97784135402882e-01
-5.89134725759417e-01
-5.74811626632969e-01
-5.54952777295350e-01
-5.29749429320280e-01
-4.99444304726096e-01
-4.64329258429891e-01
-4.24742467524918e-01
-3.81065174450113e-01
-3.33718015416775e-01
-2.83156969451717e-01
-2.29868967069809e-01
-1.74367200866825e-01
-1.17186183194134e-01
-5.88765985125566e-02
-1.06241587930730e-16
