65
0.00000000000000e+00
6.28318530717959e+00
33
0.00000000000000e+00
3.14159265358979e+00
0.00000000000000e+00
8.91229378315756e-02
1.77387573052279e-01
2.63943868974579e-01
3.47958241152257e-01
4.28621585254316e-01
5.05157069181983e-01
5.76827614386484e-01
6.42942994338393e-01
7.02866481786432e-01
7.56020980788965e-01
8.01894584463392e-01
8.40045504929267e-01
8.70106327967088e-01
8.91787551418083e-01
9.04880373248258e-01
9.09258702426124e-01
9.04880373248258e-01
8.91787551418083e-01
8.70106327967087e-01
8.40045504929266e-01
8.01894584463392e-01
7.56020980788965e-01
7.02866481786432e-01
6.42942994338393e-01
5.76827614386484e-01
5.05157069181983e-01
4.28621585254316e-01
3.47958241152257e-01
2.63943868974579e-01
1.77387573052279e-01
8.91229378315755e-02
1.67307865350320e-18
