65
0.00000000000000e+00
6.28318530717959e+00
33
0.00000000000000e+00
3.14159265358979e+00
0.00000000000000e+00
-8.74687978863051e-02
-1.74095223443759e-01
-2.59045016848881e-01
-3.41500065161122e-01
-4.20666281197198e-01
-4.95781251024373e-01
-5.66121576423188e-01
-6.31009841607686e-01
-6.89821137109855e-01
-7.41989077999665e-01
-7.87011258481955e-01
-8.24454090339371e-01
-8.53956978624474e-01
-8.75235794386776e-01
-8.88085610990398e-01
-8.92382677670083e-01
-8.88085611319096e-01
-8.75235795031426e-01
-8.53956979560090e-01
-8.24454091529721e-01
-7.87011259880994e-01
-7.41989079553352e-01
-6.89821138758270e-01
-6.31009843287368e-01
-5.66121578069587e-01
-4.95781252574335e-01
-4.20666282591370e-01
-3.41500066346205e-01
-2.59045017779631e-01
-1.74095224084684e-01
-8.74687982129877e-02
-1.67307865350306e-18
