65
0.00000000000000e+00
6.28318530717959e+00
33
0.00000000000000e+00
3.14159265358979e+00
0.00000000000000e+00
9.71230378206427e-02
1.93310727694220e-01
2.87636729585708e-01
3.79192632533055e-01
4.67096703141331e-01
5.50502377157324e-01
6.28606412346081e-01
7.00656624152727e-01
7.65959129650909e-01
8.23885030014702e-01
8.73876467158082e-01
9.15451996213260e-01
9.48211222107938e-01
9.71838655588736e-01
9.86106751555165e-01
9.90878100443334e-01
9.86106751555165e-01
9.71838655588736e-01
9.48211222107938e-01
9.15451996213259e-01
8.73876467158082e-01
8.23885030014702e-01
7.65959129650909e-01
7.00656624152726e-01
6.28606412346081e-01
5.50502377157323e-01
4.67096703141330e-01
3.79192632533054e-01
2.87636729585707e-01
1.93310727694219e-01
9.71230378206423e-02
-6.29135873994608e-17
