65
0.00000000000000e+00
6.28318530717959e+00
33
0.00000000000000e+00
3.14159265358979e+00
0.00000000000000e+00
6.71236967108133e-02
1.33600955528756e-01
1.98791564111246e-01
2.62067701260822e-01
3.22819983186477e-01
3.80463332202693e-01
4.34442611347384e-01
4.84237970654311e-01
5.29369853592435e-01
5.69403615457465e-01
6.03953709237962e-01
6.32687398643816e-01
6.55327962538617e-01
6.71657359915466e-01
6.81518329751068e-01
6.84815905515351e-01
6.81518329751067e-01
6.71657359915465e-01
6.55327962538616e-01
6.32687398643816e-01
6.03953709237962e-01
5.69403615457466e-01
5.29369853592435e-01
4.84237970654311e-01
4.34442611347384e-01
3.80463332202694e-01
3.22819983186477e-01
2.62067701260822e-01
1.98791564111246e-01
1.33600955528756e-01
6.71236967108134e-02
8.65956056235493e-17
