65
0.00000000000000e+00
6.28318530717959e+00
33
0.00000000000000e+00
3.14159265358979e+00
0.00000000000000e+00
-5.48292975405458e-02
-1.09130558973033e-01
-1.62380833465779e-01
-2.14067291765856e-01
-2.63692165025142e-01
-3.10777538586436e-01
-3.54869954562859e-01
-3.95544778885191e-01
-4.32410290760089e-01
-4.65111455155456e-01
-4.93333341981893e-01
-5.16804159041606e-01
-5.35297869535859e-01
-5.48636368922899e-01
-5.56691200162065e-01
-5.59384790825305e-01
-5.56691200162065e-01
-5.48636368922899e-01
-5.35297869535858e-01
-5.16804159041606e-01
-4.93333341981892e-01
-4.65111455155456e-01
-4.32410290760088e-01
-3.95544778885191e-01
-3.54869954562858e-01
-3.10777538586435e-01
-2.63692165025141e-01
-2.14067291765855e-01
-1.62380833465778e-01
-1.09130558973033e-01
-5.48292975405455e-02
2.17649256232775e-16
