65
0.00000000000000e+00
6.28318530717959e+00
33
0.00000000000000e+00
3.14159265358979e+00
0.00000000000000e+00
5.51362335075798e-02
1.09741474926465e-01
1.63289845913101e-01
2.15265646365986e-01
2.65168320900418e-01
3.12517279471161e-01
3.56856525717755e-01
3.97759048458950e-01
4.34830934043767e-01
4.67715159955016e-01
4.96095033130798e-01
5.19697239891142e-01
5.38294478097354e-01
5.51707646195000e-01
5.59807568058904e-01
5.62516237029020e-01
5.59807567156482e-01
5.51707644424953e-01
5.38294475527924e-01
5.19697236621356e-01
4.96095029286621e-01
4.67715155684465e-01
4.34830929511174e-01
3.97759043838618e-01
3.56856521187241e-01
3.12517275204451e-01
2.65168317061260e-01
2.15265643101632e-01
1.63289843348689e-01
1.09741473160259e-01
5.51362326072361e-02
-2.17649256232775e-16
