65
0.00000000000000e+00
6.28318530717959e+00
33
0.00000000000000e+00
3.14159265358979e+00
0.00000000000000e+00
-8.32524682271875e-02
-1.65703169681185e-01
-2.46558059040740e-01
-3.25038459526705e-01
-4.00388561984783e-01
-4.71882703740623e-01
-5.38832357127919e-01
-6.00592760386167e-01
-6.56569127068935e-01
-7.06222374162610e-01
-7.49074313750730e-01
-7.84712258225293e-01
-8.12792994694331e-01
-8.33046090310007e-01
-8.45276496685087e-01
-8.49366428315826e-01
-8.45276496920987e-01
-8.33046090772695e-01
-8.12792995365945e-01
-7.84712259079913e-01
-7.49074314755397e-01
-7.06222375278606e-01
-6.56569128253290e-01
-6.00592761593322e-01
-5.38832358311483e-01
-4.71882704855159e-01
-4.00388562987541e-01
-3.25038460379260e-01
-2.46558059710446e-01
-1.65703170142413e-01
-8.32524684622967e-02
-2.34489449146553e-17
