65
0.00000000000000e+00
6.28318530717959e+00
33
0.00000000000000e+00
3.14159265358979e+00
0.00000000000000e+00
5.21427090304642e-02
1.03783255268861e-01
1.54424312025320e-01
2.03578178240059e-01
2.50771475311194e-01
2.95549705989450e-01
3.37481631435123e-01
3.76163424283851e-01
4.11222557724880e-01
4.42321393137902e-01
4.69160431737537e-01
4.91481198910358e-01
5.09068733466721e-01
5.21753657834522e-01
5.29413809257814e-01
5.31975416290926e-01
5.29413809257814e-01
5.21753657834521e-01
5.09068733466721e-01
4.91481198910358e-01
4.69160431737537e-01
4.42321393137902e-01
4.11222557724880e-01
3.76163424283851e-01
3.37481631435124e-01
2.95549705989450e-01
2.50771475311195e-01
2.03578178240059e-01
1.54424312025320e-01
1.03783255268861e-01
5.21427090304643e-02
1.24864405668579e-16
