65
0.00000000000000e+00
6.28318530717959e+00
33
0.00000000000000e+00
3.14159265358979e+00
0.00000000000000e+00
9.22891862696570e-02
1.83689577211902e-01
2.73320937084864e-01
3.60320066884226e-01
4.43849117422065e-01
5.23103658272993e-01
5.97320424879215e-01
6.65784669205627e-01
7.27837043154122e-01
7.82879948446075e-01
8.30383291820164e-01
8.69889590119866e-01
9.01018376105859e-01
9.23469862562988e-01
9.37027829414480e-01
9.41561706038932e-01
9.37027828736291e-01
9.23469861232720e-01
9.01018374174717e-01
8.69889587662176e-01
8.30383288930495e-01
7.82879945235588e-01
7.27837039746279e-01
6.65784665731436e-01
5.97320421472187e-01
5.23103655064012e-01
4.43849114534364e-01
3.60320064428666e-01
2.73320935155690e-01
1.83689575883139e-01
9.22891855922831e-02
-1.39698096345101e-16
