65
0.00000000000000e+00
6.28318530717959e+00
33
0.00000000000000e+00
3.14159265358979e+00
0.00000000000000e+00
9.80171403295606e-02
1.95090322016128e-01
2.90284677254462e-01
3.82683432365090e-01
4.71396736825998e-01
5.55570233019602e-01
6.34393284163645e-01
7.07106781186547e-01
7.73010453362737e-01
8.31469612302545e-01
8.81921264348355e-01
9.23879532511287e-01
9.56940335732209e-01
9.80785280403230e-01
9.95184726672197e-01
1.00000000000000e+00
9.95184726672197e-01
9.80785280403230e-01
9.56940335732209e-01
9.23879532511286e-01
8.81921264348355e-01
8.31469612302545e-01
7.73010453362736e-01
7.07106781186547e-01
6.34393284163644e-01
5.55570233019601e-01
4.71396736825996e-01
3.82683432365088e-01
2.90284677254461e-01
1.95090322016126e-01
9.80171403295586e-02
-2.09798136933558e-15
