65
0.00000000000000e+00
6.28318530717959e+00
33
0.00000000000000e+00
3.14159265358979e+00
0.00000000000000e+00
9.43491458919816e-02
1.87789657912343e-01
2.79421652831443e-01
3.68362664430057e-01
4.53756142132364e-01
5.34779700056927e-01
6.10653037042768e-01
6.80645451376325e-01
7.44082877848368e-01
8.00354379370161e-01
8.48918030631099e-01
8.89306137135012e-01
9.21129739353019e-01
9.44082358615533e-01
9.57942948668491e-01
9.62578024468762e-01
9.57942947717325e-01
9.44082356749872e-01
9.21129736644778e-01
8.89306133688553e-01
8.48918026579178e-01
8.00354374868776e-01
7.44082873070723e-01
6.80645446506140e-01
6.10653032267202e-01
5.34779695559384e-01
4.53756138085462e-01
3.68362660989030e-01
2.79421650128220e-01
1.87789656050523e-01
9.43491449428942e-02
-1.22082177549818e-16
