65
0.00000000000000e+00
6.28318530717959e+00
33
0.00000000000000e+00
3.14159265358979e+00
0.00000000000000e+00
-3.44415602481610e-02
-6.85514294597482e-02
-1.02001110963263e-01
-1.34468466053934e-01
-1.65640816364797e-01
-1.95217955129715e-01
-2.22915038338264e-01
-2.48465327939111e-01
-2.71622760673335e-01
-2.92164317798412e-01
-3.09892172881099e-01
-3.24635596974759e-01
-3.36252602833182e-01
-3.44631312326169e-01
-3.49691033887857e-01
-3.51383039621328e-01
-3.49691034575511e-01
-3.44631313674933e-01
-3.36252604791005e-01
-3.24635599466116e-01
-3.09892175809941e-01
-2.92164321051899e-01
-2.71622764126219e-01
-2.48465331458581e-01
-2.22915041789070e-01
-1.95217958379363e-01
-1.65640819288623e-01
-1.34468468539862e-01
-1.02001112916070e-01
-6.85514308046735e-02
-3.44415609337378e-02
-1.58334736628529e-16
