65
0.00000000000000e+00
6.28318530717959e+00
33
0.00000000000000e+00
3.14159265358979e+00
0.00000000000000e+00
1.17266401067383e-02
2.33403462470455e-02
3.47292720709395e-02
4.57837359869567e-02
5.63972774563419e-02
6.64676822666365e-02
7.58979669106983e-02
8.45973125910293e-02
9.24819398544367e-02
9.94759154338189e-02
1.05511883526767e-01
1.10531714468386e-01
1.14487064551295e-01
1.17339841601458e-01
1.19062571826139e-01
1.19638664401052e-01
1.19062571248631e-01
1.17339840468682e-01
1.14487062906867e-01
1.10531712375614e-01
1.05511881066196e-01
9.94759127001193e-02
9.24819369527485e-02
8.45973096329092e-02
7.58979640098250e-02
6.64676795344426e-02
5.63972749977383e-02
4.57837338963142e-02
3.47292704284792e-02
2.33403451157743e-02
1.17266395300447e-02
-2.13161881939152e-16
