65
0.00000000000000e+00
6.28318530717959e+00
33
0.00000000000000e+00
3.14159265358979e+00
0.00000000000000e+00
-2.55227784402367e-02
-5.07997585824465e-02
-7.55875093000135e-02
-9.96473110120245e-02
-1.22747454682869e-01
-1.44665473306552e-01
-1.65190284385327e-01
-1.84124222769423e-01
-2.01284944280510e-01
-2.16507181785964e-01
-2.29644336811962e-01
-2.40569891367281e-01
-2.49178626381143e-01
-2.55387635020845e-01
-2.59137121130352e-01
-2.60390975100409e-01
-2.59137121624216e-01
-2.55387635989548e-01
-2.49178627787372e-01
-2.40569893156884e-01
-2.29644338916044e-01
-2.16507184123554e-01
-2.01284946761691e-01
-1.84124225298798e-01
-1.65190286865693e-01
-1.44665475642637e-01
-1.22747456784985e-01
-9.96473127994990e-02
-7.55875107042764e-02
-5.07997595496445e-02
-2.55227789332865e-02
-1.72859912266745e-16
