65
0.00000000000000e+00
6.28318530717959e+00
33
0.00000000000000e+00
3.14159265358979e+00
-0.00000000000000e+00
-9.53683820667618e-02
-1.89818314482719e-01
-2.82440192769134e-01
-3.72342017607565e-01
-4.58657985280811e-01
-5.40556825835915e-01
-6.17249808668183e-01
-6.87998338428061e-01
-7.52121068098138e-01
-8.09000460737454e-01
-8.58088736699920e-01
-8.98913149051872e-01
-9.31080536383610e-01
-9.54281109168832e-01
-9.68291433207243e-01
-9.72976581418161e-01
-9.68291433262139e-01
-9.54281109276482e-01
-9.31080536539819e-01
-8.98913149250558e-01
-8.58088736933363e-01
-8.09000460996607e-01
-7.52121068372980e-01
-6.87998338707999e-01
-6.17249808942460e-01
-5.40556826094022e-01
-4.58657985512888e-01
-3.72342017804772e-01
-2.82440192923976e-01
-1.89818314589325e-01
-9.53683821210923e-02
1.03290540647827e-16
