65
0.00000000000000e+00
6.28318530717959e+00
33
0.00000000000000e+00
3.14159265358979e+00
0.00000000000000e+00
6.93498600242186e-02
1.38031842966162e-01
2.05384503766024e-01
2.70759199464973e-01
3.33526335992300e-01
3.93081431501178e-01
4.48850937859753e-01
5.00297764233405e-01
5.46926449563049e-01
5.88287934125699e-01
6.23983884224580e-01
6.53670528359708e-01
6.77061967934545e-01
6.93932930614908e-01
7.04120939823803e-01
7.07527879478841e-01
7.04120938903011e-01
6.93932928808829e-01
6.77061965312803e-01
6.53670525023341e-01
6.23983880302113e-01
5.88287929768155e-01
5.46926444938105e-01
5.00297759518914e-01
4.48850933236888e-01
3.93081427147475e-01
3.33526332074851e-01
2.70759196134038e-01
2.05384501149301e-01
1.38031841163923e-01
6.93498591055052e-02
-2.04688320326299e-16
