65
0.00000000000000e+00
6.28318530717959e+00
33
0.00000000000000e+00
3.14159265358979e+00
0.00000000000000e+00
2.09834744241882e-02
4.17648665002809e-02
6.21440400446885e-02
8.19247324601384e-02
1.00916444852607e-01
1.18936276640461e-01
1.35810686987477e-01
1.51377166096160e-01
1.65485800265877e-01
1.78000715643465e-01
1.88801386762214e-01
1.97783797267334e-01
2.04861441649530e-01
2.09966158339498e-01
2.13048786140246e-01
2.14079637675499e-01
2.13048785294656e-01
2.09966156680930e-01
2.04861439241943e-01
1.97783794203536e-01
1.88801383160254e-01
1.78000711642049e-01
1.65485796018996e-01
1.51377161767138e-01
1.35810682742675e-01
1.18936272642886e-01
1.00916441255665e-01
8.19247294017719e-02
6.21440376421202e-02
4.17648648455549e-02
2.09834735806762e-02
-2.18302059139318e-16
