65
0.00000000000000e+00
6.28318530717959e+00
33
0.00000000000000e+00
3.14159265358979e+00
0.00000000000000e+00
4.38871573281617e-02
8.73516573400927e-02
1.29974913140565e-01
1.71346439475979e-01
2.11067805931748e-01
2.48756474034994e-01
2.84049481309163e-01
3.16606936801083e-01
3.46115294416651e-01
3.72290372541121e-01
3.94880090863400e-01
4.13666898047250e-01
4.28469866869576e-01
4.39146436648492e-01
4.45593786180623e-01
4.47749823965492e-01
4.45593786180623e-01
4.39146436648493e-01
4.28469866869576e-01
4.13666898047250e-01
3.94880090863401e-01
3.72290372541121e-01
3.46115294416651e-01
3.16606936801083e-01
2.84049481309163e-01
2.48756474034995e-01
2.11067805931748e-01
1.71346439475980e-01
1.29974913140565e-01
8.73516573400928e-02
4.38871573281619e-02
1.42284710922011e-16
