65
0.00000000000000e+00
6.28318530717959e+00
33
0.00000000000000e+00
3.14159265358979e+00
0.00000000000000e+00
-4.30279651542810e-02
-8.56415474923308e-02
-1.27430354930432e-01
-1.67991938416992e-01
-2.06935667736482e-01
-2.43886493491609e-01
-2.78488559033813e-01
-3.10408627557217e-01
-3.39339291351262e-01
-3.65001932305152e-01
-3.87149405152832e-01
-4.05568417617338e-01
-4.20081584532439e-01
-4.30549136159191e-01
-4.36870264245368e-01
-4.38984092864461e-01
-4.36870264684482e-01
-4.30549137020496e-01
-4.20081585782751e-01
-4.05568419208496e-01
-3.87149407023568e-01
-3.65001934383464e-01
-3.39339293557194e-01
-3.10408629805951e-01
-2.78488561238932e-01
-2.43886495568417e-01
-2.06935669605254e-01
-1.67991940006025e-01
-1.27430356178780e-01
-8.56415483521329e-02
-4.30279655925808e-02
-1.42284710922011e-16
