65
0.00000000000000e+00
6.28318530717959e+00
33
0.00000000000000e+00
3.14159265358979e+00
0.00000000000000e+00
9.53319534725036e-02
1.89745808119320e-01
2.82332306908338e-01
3.72199791243290e-01
4.58482788123467e-01
5.40350345121828e-01
6.17014032911120e-01
6.87735538269299e-01
7.51833774439456e-01
8.08691440367614e-01
8.57760965649321e-01
8.98569783931986e-01
9.30724883987175e-01
9.53916594623592e-01
9.67921566989929e-01
9.72604925546403e-01
9.67921566989929e-01
9.53916594623591e-01
9.30724883987174e-01
8.98569783931985e-01
8.57760965649321e-01
8.08691440367613e-01
7.51833774439456e-01
6.87735538269298e-01
6.17014032911120e-01
5.40350345121827e-01
4.58482788123466e-01
3.72199791243290e-01
2.82332306908337e-01
1.89745808119320e-01
9.53319534725034e-02
-4.17171231851566e-17
