65
0.00000000000000e+00
6.28318530717959e+00
33
0.00000000000000e+00
3.14159265358979e+00
-0.00000000000000e+00
-1.12365806734048e-02
-2.23649469323848e-02
-3.32779265264824e-02
-4.38704214965648e-02
-5.40404203256235e-02
-6.36899803654476e-02
-7.27261710778677e-02
-8.10619690066387e-02
-8.86170958608961e-02
-9.53187916389807e-02
-1.01102515347030e-01
-1.05912566564031e-01
-1.09702621867322e-01
-1.12436180952477e-01
-1.14086918151191e-01
-1.14638935961856e-01
-1.14086918151191e-01
-1.12436180952477e-01
-1.09702621867321e-01
-1.05912566564031e-01
-1.01102515347030e-01
-9.53187916389804e-02
-8.86170958608958e-02
-8.10619690066384e-02
-7.27261710778673e-02
-6.36899803654472e-02
-5.40404203256230e-02
-4.38704214965644e-02
-3.32779265264820e-02
-2.23649469323845e-02
-1.12365806734045e-02
2.13161881939154e-16
