65
0.00000000000000e+00
6.28318530717959e+00
33
0.00000000000000e+00
3.14159265358979e+00
-0.00000000000000e+00
-8.53394701572590e-02
-1.69857074565905e-01
-2.52738862493740e-01
-3.33186637015459e-01
-4.10425642085369e-01
-4.83712023861614e-01
-5.52339994425301e-01
-6.15648628903982e-01
-6.73028230539478e-01
-7.23926202400966e-01
-7.67852369195519e-01
-8.04383697924154e-01
-8.33168371920887e-01
-8.53929179039567e-01
-8.66466181358406e-01
-8.70658640691477e-01
-8.66466181363459e-01
-8.53929179049471e-01
-8.33168371935245e-01
-8.04383697942394e-01
-7.67852369216916e-01
-7.23926202424678e-01
-6.73028230564577e-01
-6.15648628929495e-01
-5.52339994450248e-01
-4.83712023885044e-01
-4.10425642106398e-01
-3.33186637033301e-01
-2.52738862507730e-01
-1.69857074575528e-01
-8.53394701621600e-02
1.70737132543423e-16
