65
0.00000000000000e+00
6.28318530717959e+00
33
0.00000000000000e+00
3.14159265358979e+00
0.00000000000000e+00
8.93405714955024e-02
1.77820744428890e-01
2.64588406347622e-01
3.48807937218474e-01
4.29668256906136e-01
5.06390636318993e-01
5.78236196996444e-01
6.44513026912615e-01
7.04582843967369e-01
7.57867142991572e-01
8.03852767067612e-01
8.42096849510354e-01
8.72231078914604e-01
8.93965246194398e-01
9.07090039454250e-01
9.11479059776277e-01
9.07090038510119e-01
8.93965244342536e-01
8.72231076226397e-01
8.42096846089394e-01
8.03852763045674e-01
7.57867138523503e-01
7.04582839225092e-01
6.44513022078490e-01
5.78236192256245e-01
5.06390631854764e-01
4.29668252889217e-01
3.48807933802946e-01
2.64588403664434e-01
1.77820742580870e-01
8.93405705534499e-02
-1.55968646105828e-16
