65
0.00000000000000e+00
6.28318530717959e+00
33
0.00000000000000e+00
3.14159265358979e+00
0.00000000000000e+00
-7.82330505896595e-02
-1.55712674147605e-01
-2.31692699555564e-01
-3.05441397643793e-01
-3.76248528142394e-01
-4.43432179682929e-01
-5.06345336977394e-01
-5.64382111929043e-01
-6.16983578666074e-01
-6.63643156303587e-01
-7.03911487594858e-01
-7.37400766487815e-01
-7.63788472909928e-01
-7.82820478813464e-01
-7.94313495568129e-01
-7.98156839131333e-01
-7.94313495996477e-01
-7.82820479653581e-01
-7.63788474129313e-01
-7.37400768039326e-01
-7.03911489418566e-01
-6.63643158329125e-01
-6.16983580815386e-01
-5.64382114119415e-01
-5.06345339124652e-01
-4.43432181704673e-01
-3.76248529961145e-01
-3.05441399189939e-01
-2.31692700769993e-01
-1.55712674983928e-01
-7.82330510159542e-02
-4.49989850177823e-17
