65
0.00000000000000e+00
6.28318530717959e+00
33
0.00000000000000e+00
3.14159265358979e+00
0.00000000000000e+00
9.26577090561687e-02
1.84423073722270e-01
2.74412343372519e-01
3.61758872147045e-01
4.45621465225279e-01
5.25192479991922e-01
5.99705604076828e-01
6.68443235362045e-01
7.30743392882483e-01
7.86006092064490e-01
8.33699122905279e-01
8.73363175446191e-01
9.04616263178680e-01
9.27157401783207e-01
9.40769507772769e-01
9.45321489125555e-01
9.40769507772769e-01
9.27157401783206e-01
9.04616263178680e-01
8.73363175446191e-01
8.33699122905279e-01
7.86006092064490e-01
7.30743392882483e-01
6.68443235362045e-01
5.99705604076828e-01
5.25192479991922e-01
4.45621465225279e-01
3.61758872147045e-01
2.74412343372519e-01
1.84423073722270e-01
9.26577090561686e-02
-2.01189002696800e-17
