65
0.00000000000000e+00
6.28318530717959e+00
33
0.00000000000000e+00
3.14159265358979e+00
-0.00000000000000e+00
-6.22645745163442e-02
-1.23929507142817e-01
-1.84400930868745e-01
-2.43096472826604e-01
-2.99450862861094e-01
-3.52921377389738e-01
-4.02993066127669e-01
-4.49183711340372e-01
-4.91048471864073e-01
-5.28184167169323e-01
-5.60233160209896e-01
-5.86886801663050e-01
-6.07888402391229e-01
-6.23035705498777e-01
-6.32182834176411e-01
-6.35241696574635e-01
-6.32182834176410e-01
-6.23035705498777e-01
-6.07888402391229e-01
-5.86886801663050e-01
-5.60233160209896e-01
-5.28184167169322e-01
-4.91048471864072e-01
-4.49183711340371e-01
-4.02993066127668e-01
-3.52921377389737e-01
-2.99450862861093e-01
-2.43096472826604e-01
-1.84400930868744e-01
-1.23929507142817e-01
-6.22645745163438e-02
2.12190543745247e-16
