65
0.00000000000000e+00
6.28318530717959e+00
33
0.00000000000000e+00
3.14159265358979e+00
-0.00000000000000e+00
-7.52561677652291e-02
-1.49787577495673e-01
-2.22876450972615e-01
-2.93818902390029e-01
-3.61931717159676e-01
-4.26558931641074e-01
-4.87078150429937e-01
-5.42906540366158e-01
-5.93506443535749e-01
-6.38390555210466e-01
-6.77126616858730e-01
-7.09341579031583e-01
-7.34725194032811e-01
-7.53033003773858e-01
-7.64088694038848e-01
-7.67785792486876e-01
-7.64088694038848e-01
-7.53033003773857e-01
-7.34725194032811e-01
-7.09341579031583e-01
-6.77126616858730e-01
-6.38390555210465e-01
-5.93506443535748e-01
-5.42906540366157e-01
-4.87078150429936e-01
-4.26558931641073e-01
-3.61931717159676e-01
-2.93818902390028e-01
-2.22876450972614e-01
-1.49787577495673e-01
-7.52561677652287e-02
1.95214836488593e-16
