65
0.00000000000000e+00
6.28318530717959e+00
33
0.00000000000000e+00
3.14159265358979e+00
0.00000000000000e+00
1.70064609938094e-02
3.38491404715712e-02
5.03658342227694e-02
6.63974774576366e-02
8.17896766880335e-02
9.63941966211394e-02
1.10070387746356e-01
1.22686540866980e-01
1.34121155531770e-01
1.44264110150707e-01
1.53017722526109e-01
1.60297690585588e-01
1.66033904257097e-01
1.70171120667245e-01
1.72669496160371e-01
1.73504970014724e-01
1.72669496160371e-01
1.70171120667245e-01
1.66033904257097e-01
1.60297690585588e-01
1.53017722526109e-01
1.44264110150708e-01
1.34121155531770e-01
1.22686540866980e-01
1.10070387746356e-01
9.63941966211396e-02
8.17896766880338e-02
6.63974774576369e-02
5.03658342227696e-02
3.38491404715715e-02
1.70064609938096e-02
1.85720352454990e-16
