65
0.00000000000000e+00
6.28318530717959e+00
33
0.00000000000000e+00
3.14159265358979e+00
0.00000000000000e+00
2.35730191216924e-03
4.69190170024797e-03
6.98131587501065e-03
9.20349611132383e-03
1.13370415863805e-02
1.33614050819577e-02
1.52570908657821e-02
1.70058424462751e-02
1.85908183924905e-02
1.99967545260137e-02
2.12101109228528e-02
2.22192023096515e-02
2.30143105984883e-02
2.35877784765448e-02
2.39340831493817e-02
2.40498895276891e-02
2.39340823453413e-02
2.35877768994813e-02
2.30143083092263e-02
2.22191993964520e-02
2.12101074979778e-02
1.99967507213648e-02
1.85908143544966e-02
1.70058383302322e-02
1.52570868298670e-02
1.33614012811497e-02
1.13370381665239e-02
9.20349320355626e-03
6.98131359076710e-03
4.69190012702538e-03
2.35730111020742e-03
-2.05968839289778e-16
