65
0.00000000000000e+00
6.28318530717959e+00
33
0.00000000000000e+00
3.14159265358979e+00
0.00000000000000e+00
-6.59860401631197e-02
-1.31336598701497e-01
-1.95422314025011e-01
-2.57626005673559e-01
-3.17348618101622e-01
-3.74014989910147e-01
-4.27079392964915e-01
-4.76030788056693e-01
-5.20397746488265e-01
-5.59752990190782e-01
-5.93717506645593e-01
-6.21964198982570e-01
-6.44221036102447e-01
-6.60273672485711e-01
-6.69967512457819e-01
-6.73209199030675e-01
-6.69967512981973e-01
-6.60273673513758e-01
-6.44221037594662e-01
-6.21964200881323e-01
-5.93717508877607e-01
-5.59752992669999e-01
-5.20397749119192e-01
-4.76030790738109e-01
-4.27079395593774e-01
-3.74014992385541e-01
-3.17348620328641e-01
-2.57626007566905e-01
-1.95422315512230e-01
-1.31336599725721e-01
-6.59860406852043e-02
-8.65956056235493e-17
