65
0.00000000000000e+00
6.28318530717959e+00
33
0.00000000000000e+00
3.14159265358979e+00
0.00000000000000e+00
-3.84347211096826e-02
-7.64992948445233e-02
-1.13827138551243e-01
-1.50058764689470e-01
-1.84845242893273e-01
-2.17851560361326e-01
-2.48759848213322e-01
-2.77272442741058e-01
-3.03114752072662e-01
-3.26037900642429e-01
-3.45821125998562e-01
-3.62273904866272e-01
-3.75237787991058e-01
-3.84587926091651e-01
-3.90234272226835e-01
-3.92122448996721e-01
-3.90234272226835e-01
-3.84587926091651e-01
-3.75237787991058e-01
-3.62273904866272e-01
-3.45821125998562e-01
-3.26037900642428e-01
-3.03114752072662e-01
-2.77272442741058e-01
-2.48759848213321e-01
-2.17851560361325e-01
-1.84845242893273e-01
-1.50058764689470e-01
-1.13827138551242e-01
-7.64992948445228e-02
-3.84347211096823e-02
2.22246053281336e-16
