65
0.00000000000000e+00
6.28318530717959e+00
33
0.00000000000000e+00
3.14159265358979e+00
0.00000000000000e+00
-9.49327909724531e-02
-1.88951327275789e-01
-2.81150159012908e-01
-3.70641361035995e-01
-4.56563084150904e-01
-5.38087855195897e-01
-6.14430546060455e-01
-6.84855934898160e-01
-7.48685786715025e-01
-8.05305385143346e-01
-8.54169452496503e-01
-8.94807401091341e-01
-9.26827865265008e-01
-9.49922470440436e-01
-9.63868802942287e-01
-9.68532551962401e-01
-9.63868803046431e-01
-9.49922470644683e-01
-9.26827865561436e-01
-8.94807401468463e-01
-8.54169452939725e-01
-8.05305385635540e-01
-7.48685787237204e-01
-6.84855935430217e-01
-6.14430546581945e-01
-5.38087855686817e-01
-4.56563084592461e-01
-3.70641361411316e-01
-2.81150159307671e-01
-1.88951327478762e-01
-9.49327910759078e-02
6.29135873994610e-17
