65
0.00000000000000e+00
6.28318530717959e+00
33
0.00000000000000e+00
3.14159265358979e+00
0.00000000000000e+00
2.62353193158156e-02
5.22179781649355e-02
7.76977493390765e-02
1.02429248713172e-01
1.26174298428637e-01
1.48704220676346e-01
1.69802039988946e-01
1.89264572833215e-01
2.06904384378561e-01
2.22551593596899e-01
2.36055509309824e-01
2.47286081427026e-01
2.56135153399764e-01
2.62517503827545e-01
2.66371667186801e-01
2.67660525777483e-01
2.66371667186801e-01
2.62517503827545e-01
2.56135153399765e-01
2.47286081427027e-01
2.36055509309824e-01
2.22551593596900e-01
2.06904384378561e-01
1.89264572833215e-01
1.69802039988946e-01
1.48704220676346e-01
1.26174298428637e-01
1.02429248713172e-01
7.76977493390767e-02
5.22179781649357e-02
2.62353193158158e-02
1.72859912266744e-16
