65
0.00000000000000e+00
6.28318530717959e+00
33
0.00000000000000e+00
3.14159265358979e+00
0.00000000000000e+00
-5.11992334916846e-02
-1.01905390391591e-01
-1.51630142704186e-01
-1.99894613894903e-01
-2.46233990732253e-01
-2.90201999692782e-01
-3.31375204818719e-01
-3.69357085637583e-01
-4.03781855871173e-01
-4.34317986157679e-01
-4.60671396861136e-01
-4.82588290219687e-01
-4.99857594557478e-01
-5.12312997021028e-01
-5.19834545263658e-01
-5.22349802652839e-01
-5.19834545875130e-01
-5.12312998220354e-01
-4.99857596298351e-01
-4.82588292434920e-01
-4.60671399465291e-01
-4.34317989050394e-01
-4.03781858941064e-01
-3.69357088766559e-01
-3.31375207886535e-01
-2.90202002581662e-01
-2.46233993331397e-01
-1.99894616104714e-01
-1.51630144440048e-01
-1.01905391587083e-01
-5.11992341010808e-02
-1.24864405668579e-16
