65
0.00000000000000e+00
6.28318530717959e+00
33
0.00000000000000e+00
3.14159265358979e+00
0.00000000000000e+00
7.62518758397194e-03
1.51769404431587e-02
2.25825310693182e-02
2.97706395764130e-02
3.66720405501000e-02
4.32202697263128e-02
4.93522640784586e-02
5.50089691488370e-02
6.01359077753506e-02
6.46837047363566e-02
6.86085622610415e-02
7.18726818258975e-02
7.44446281751656e-02
7.62996320595336e-02
7.74198287775466e-02
7.77944302224484e-02
7.74198287775467e-02
7.62996320595337e-02
7.44446281751658e-02
7.18726818258978e-02
6.86085622610418e-02
6.46837047363568e-02
6.01359077753509e-02
5.50089691488372e-02
4.93522640784589e-02
4.32202697263132e-02
3.66720405501003e-02
2.97706395764133e-02
2.25825310693185e-02
1.51769404431590e-02
7.62518758397218e-03
1.96792204124022e-16
