65
0.00000000000000e+00
6.28318530717959e+00
33
0.00000000000000e+00
3.14159265358979e+00
0.00000000000000e+00
-8.06882035974525e-02
-1.60599335686132e-01
-2.38963808380644e-01
-3.15026928970974e-01
-3.88056168025806e-01
-4.57348214051372e-01
-5.22235746765589e-01
-5.82093863757171e-01
-6.36346098637471e-01
-6.84469972726948e-01
-7.26002026810500e-01
-7.60542284503091e-01
-7.87758104241030e-01
-8.07387382802104e-01
-8.19241079502924e-01
-8.23205036764078e-01
-8.19241079510044e-01
-8.07387382816049e-01
-7.87758104261223e-01
-7.60542284528702e-01
-7.26002026840487e-01
-6.84469972760105e-01
-6.36346098672483e-01
-5.82093863792671e-01
-5.22235746800212e-01
-4.57348214083811e-01
-3.88056168054854e-01
-3.15026928995569e-01
-2.38963808399898e-01
-1.60599335699358e-01
-8.06882036041840e-02
1.83861327060216e-16
