65
0.00000000000000e+00
6.28318530717959e+00
33
0.00000000000000e+00
3.14159265358979e+00
0.00000000000000e+00
6.25440909271652e-02
1.24485848055823e-01
1.85228738391871e-01
2.44187774685059e-01
3.00795149176541e-01
3.54505701898415e-01
4.04802170862538e-01
4.51200173576388e-01
4.93252871911265e-01
5.30555275397593e-01
5.62748141504256e-01
5.89521435340169e-01
6.10617315459287e-01
6.25832617014162e-01
6.35020808343945e-01
6.38093402153857e-01
6.35020807695732e-01
6.25832615742692e-01
6.10617313613508e-01
5.89521432991125e-01
5.62748138742341e-01
5.30555272329058e-01
4.93252868654118e-01
4.51200170255845e-01
4.04802167606206e-01
3.54505698831386e-01
3.00795146416594e-01
2.44187772338145e-01
1.85228736548059e-01
1.24485846785859e-01
6.25440902797665e-02
-2.12190543745248e-16
