65
0.00000000000000e+00
6.28318530717959e+00
33
0.00000000000000e+00
3.14159265358979e+00
-0.00000000000000e+00
-2.96322038198331e-02
-5.89790333182708e-02
-8.77578624846344e-02
-1.15691535461943e-01
-1.42511035709327e-01
-1.67958076778374e-01
-1.91787589752821e-01
-2.13770083396186e-01
-2.33693854277832e-01
-2.51367025592727e-01
-2.66619395039970e-01
-2.79304073963991e-01
-2.89298901972602e-01
-2.96507623408349e-01
-3.00860814343119e-01
-3.02316551168514e-01
-3.00860814343119e-01
-2.96507623408349e-01
-2.89298901972601e-01
-2.79304073963991e-01
-2.66619395039970e-01
-2.51367025592727e-01
-2.33693854277832e-01
-2.13770083396186e-01
-1.91787589752820e-01
-1.67958076778374e-01
-1.42511035709327e-01
-1.15691535461943e-01
-8.77578624846340e-02
-5.89790333182704e-02
-2.96322038198328e-02
2.21339868173923e-16
