65
0.00000000000000e+00
6.28318530717959e+00
33
0.00000000000000e+00
3.14159265358979e+00
0.00000000000000e+00
7.96048534558673e-02
1.58443068656515e-01
2.35755390492209e-01
3.10797259040457e-01
3.82845980085081e-01
4.51207685056585e-01
5.15224013365783e-01
5.74278452776173e-01
6.27802276753793e-01
6.75280021614640e-01
7.16254450721728e-01
7.50330957923856e-01
7.77181367828551e-01
7.96547096310506e-01
8.08241640818055e-01
8.12152376494701e-01
8.08241640818054e-01
7.96547096310506e-01
7.77181367828551e-01
7.50330957923855e-01
7.16254450721729e-01
6.75280021614640e-01
6.27802276753794e-01
5.74278452776174e-01
5.15224013365783e-01
4.51207685056585e-01
3.82845980085081e-01
3.10797259040457e-01
2.35755390492209e-01
1.58443068656515e-01
7.96048534558673e-02
4.49989850177822e-17
