65
0.00000000000000e+00
6.28318530717959e+00
33
0.00000000000000e+00
3.14159265358979e+00
0.00000000000000e+00
-9.56120391164733e-02
-1.90303282035212e-01
-2.83161800328826e-01
-3.73293315709163e-01
-4.59829812415781e-01
-5.41937896681993e-01
-6.18826822772291e-01
-6.89756108296021e-01
-7.54042665457674e-01
-8.11067379565954e-01
-8.60281071446964e-01
-9.01209786340185e-01
-9.33459358342270e-01
-9.56719206440535e-01
-9.70765325578233e-01
-9.75462443945998e-01
-9.70765325723543e-01
-9.56719206725471e-01
-9.33459358755696e-01
-9.01209786865972e-01
-8.60281072064645e-01
-8.11067380251550e-01
-7.54042666184652e-01
-6.89756109036345e-01
-6.18826823497512e-01
-5.41937897364340e-01
-4.59829813029217e-01
-3.73293316230356e-01
-2.83161800738007e-01
-1.90303282316899e-01
-9.56120392600251e-02
8.35041593750433e-17
