65
0.00000000000000e+00
6.28318530717959e+00
33
0.00000000000000e+00
3.14159265358979e+00
0.00000000000000e+00
8.47588392254793e-02
1.68701404495323e-01
2.51019283018307e-01
3.30919708624728e-01
4.07633196537978e-01
4.80420953933595e-01
5.48581994918024e-01
6.11459891405969e-01
6.68449094881697e-01
7.19000768162270e-01
7.62628070999638e-01
7.98910848618370e-01
8.27499678035813e-01
8.48119233196432e-01
8.60570936512237e-01
8.64734871273501e-01
8.60570936512236e-01
8.48119233196432e-01
8.27499678035812e-01
7.98910848618370e-01
7.62628070999638e-01
7.19000768162270e-01
6.68449094881697e-01
6.11459891405969e-01
5.48581994918024e-01
4.80420953933595e-01
4.07633196537978e-01
3.30919708624728e-01
2.51019283018307e-01
1.68701404495323e-01
8.47588392254793e-02
2.34489449146554e-17
