65
0.00000000000000e+00
6.28318530717959e+00
33
0.00000000000000e+00
3.14159265358979e+00
0.00000000000000e+00
-2.05371931498044e-02
-4.08766019028043e-02
-6.08223466340567e-02
-8.01823389183463e-02
-9.87701314467272e-02
-1.16406713616030e-01
-1.32922235498828e-01
-1.48157643591087e-01
-1.61966212584357e-01
-1.74214958410702e-01
-1.84785918951968e-01
-1.93577290079468e-01
-2.00504406083391e-01
-2.05500555049874e-01
-2.08517621333197e-01
-2.09526548935754e-01
-2.08517621333197e-01
-2.05500555049874e-01
-2.00504406083391e-01
-1.93577290079467e-01
-1.84785918951967e-01
-1.74214958410701e-01
-1.61966212584357e-01
-1.48157643591086e-01
-1.32922235498827e-01
-1.16406713616030e-01
-9.87701314467267e-02
-8.01823389183459e-02
-6.08223466340563e-02
-4.08766019028039e-02
-2.05371931498040e-02
2.18302059139316e-16
