65
0.00000000000000e+00
6.28318530717959e+00
33
0.00000000000000e+00
3.14159265358979e+00
0.00000000000000e+00
5.99126246033099e-02
1.19248257880118e-01
1.77435465245812e-01
2.33913872085096e-01
2.88139560465872e-01
3.39590307366255e-01
3.87770613967756e-01
4.32216477579767e-01
4.72499860239125e-01
5.08232810949682e-01
5.39071201862479e-01
5.64718042415045e-01
5.84926339512870e-01
5.99501476207924e-01
6.08303085966252e-01
6.11246404474433e-01
6.08303085966252e-01
5.99501476207924e-01
5.84926339512870e-01
5.64718042415045e-01
5.39071201862479e-01
5.08232810949682e-01
4.72499860239125e-01
4.32216477579767e-01
3.87770613967756e-01
3.39590307366255e-01
2.88139560465872e-01
2.33913872085096e-01
1.77435465245812e-01
1.19248257880118e-01
5.99126246033100e-02
1.06241587930730e-16
