65
0.00000000000000e+00
6.28318530717959e+00
33
0.00000000000000e+00
3.14159265358979e+00
0.00000000000000e+00
-9.08413048352318e-02
-1.80807758250885e-01
-2.69032934124486e-01
-3.54667175787582e-01
-4.36885778683682e-01
-5.14896932723782e-01
-5.87949347850259e-01
-6.55339489370786e-01
-7.16418353382060e-01
-7.70597717032286e-01
-8.17355803428980e-01
-8.56242306635905e-01
-8.86882728365662e-01
-9.08981984603187e-01
-9.22327247426386e-01
-9.26789994655600e-01
-9.22327247592636e-01
-9.08981984929256e-01
-8.86882728838940e-01
-8.56242307238100e-01
-8.17355804136836e-01
-7.70597717818498e-01
-7.16418354216334e-01
-6.55339490221018e-01
-5.87949348683775e-01
-5.14896933508594e-01
-4.36885779389710e-01
-3.54667176387798e-01
-2.69032934595936e-01
-1.80807758575555e-01
-9.08413050007254e-02
2.01189002696796e-17
