65
0.00000000000000e+00
6.28318530717959e+00
33
0.00000000000000e+00
3.14159265358979e+00
0.00000000000000e+00
-7.24590031598932e-02
-1.44220186516780e-01
-2.14592450653386e-01
-2.82898072202944e-01
-3.48479230695345e-01
-4.10704343727592e-01
-4.68974149447431e-01
-5.22727477772501e-01
-5.71446654765040e-01
-6.14662488115035e-01
-6.51958785718888e-01
-6.82976363837190e-01
-7.07416506230834e-01
-7.25043840962064e-01
-7.35688607155271e-01
-7.39248289887359e-01
-7.35688607462781e-01
-7.25043841565221e-01
-7.07416507106373e-01
-6.82976364951354e-01
-6.51958787028741e-01
-6.14662489570130e-01
-5.71446656309374e-01
-5.22727479346680e-01
-4.68974150990960e-01
-4.10704345181200e-01
-3.48479232003254e-01
-2.82898073315005e-01
-2.14592451526981e-01
-1.44220187118448e-01
-7.24590034665978e-02
-6.61156602962402e-17
