65
0.00000000000000e+00
6.28318530717959e+00
33
0.00000000000000e+00
3.14159265358979e+00
0.00000000000000e+00
7.37082590181547e-02
1.46706667208931e-01
2.18292209996464e-01
2.87775479471071e-01
3.54487313764291e-01
4.17785241443485e-01
4.77059668862933e-01
5.31739750883888e-01
5.81298888425316e-01
6.25259799900912e-01
6.63199117701687e-01
6.94751465457479e-01
7.19612976811132e-01
7.37544221817626e-01
7.48372512785332e-01
7.51993567352886e-01
7.48372512785332e-01
7.37544221817625e-01
7.19612976811132e-01
6.94751465457479e-01
6.63199117701687e-01
6.25259799900912e-01
5.81298888425316e-01
5.31739750883888e-01
4.77059668862933e-01
4.17785241443485e-01
3.54487313764292e-01
2.87775479471071e-01
2.18292209996464e-01
1.46706667208932e-01
7.37082590181547e-02
6.61156602962403e-17
