65
0.00000000000000e+00
6.28318530717959e+00
33
0.00000000000000e+00
3.14159265358979e+00
0.00000000000000e+00
-6.90953133765458e-02
-1.37525201113935e-01
-2.04630645985675e-01
-2.69765385874083e-01
-3.32302137627763e-01
-3.91638638141261e-01
-4.47203444478001e-01
-4.98461437178149e-01
-5.44918973751532e-01
-5.86128642724675e-01
-6.21693572457871e-01
-6.51271253236022e-01
-6.74576835824427e-01
-6.91385874722635e-01
-7.01536489697298e-01
-7.04930924777322e-01
-7.01536489697298e-01
-6.91385874722634e-01
-6.74576835824427e-01
-6.51271253236021e-01
-6.21693572457871e-01
-5.86128642724674e-01
-5.44918973751531e-01
-4.98461437178148e-01
-4.47203444478001e-01
-3.91638638141260e-01
-3.32302137627762e-01
-2.69765385874082e-01
-2.04630645985674e-01
-1.37525201113934e-01
-6.90953133765454e-02
2.04688320326300e-16
